{"metadata":{"version":4.5,"type":"Object","generator":"Object3D.toJSON"},"geometries":[{"uuid":"05149669-856e-4cdc-996e-7f74034e455a","type":"SphereGeometry","radius":30,"widthSegments":32,"heightSegments":16,"phiStart":0,"phiLength":6.283185307179586,"thetaStart":0,"thetaLength":3.141592653589793},{"uuid":"02e30c39-64a7-4bef-bd12-2d390d7824f9","type":"SphereGeometry","radius":38,"widthSegments":32,"heightSegments":16,"phiStart":0,"phiLength":6.283185307179586,"thetaStart":0,"thetaLength":3.141592653589793},{"uuid":"0805eb9d-0659-4dd5-9e9a-03b327615d61","type":"SphereGeometry","radius":30,"widthSegments":32,"heightSegments":16,"phiStart":0,"phiLength":6.283185307179586,"thetaStart":0,"thetaLength":3.141592653589793},{"uuid":"29b7d6fa-be59-45db-9d06-d49479fbaed9","type":"SphereGeometry","radius":12,"widthSegments":32,"heightSegments":16,"phiStart":0,"phiLength":6.283185307179586,"thetaStart":0,"thetaLength":3.141592653589793},{"uuid":"c669ad44-3062-4c33-9455-3fd52082c4b6","type":"SphereGeometry","radius":8,"widthSegments":32,"heightSegments":16,"phiStart":0,"phiLength":6.283185307179586,"thetaStart":0,"thetaLength":3.141592653589793},{"uuid":"726ddcd7-76b7-4314-8b5d-da83fc8690b9","type":"SphereGeometry","radius":6,"widthSegments":32,"heightSegments":16,"phiStart":0,"phiLength":6.283185307179586,"thetaStart":0,"thetaLength":3.141592653589793},{"uuid":"dd6793c7-c858-40a1-9247-1de955da4cd2","type":"SphereGeometry","radius":4,"widthSegments":32,"heightSegments":16,"phiStart":0,"phiLength":6.283185307179586,"thetaStart":0,"thetaLength":3.141592653589793},{"uuid":"95f83892-a697-409e-84e1-2280e81ccc0b","type":"SphereGeometry","radius":12,"widthSegments":32,"heightSegments":16,"phiStart":0,"phiLength":6.283185307179586,"thetaStart":0,"thetaLength":3.141592653589793},{"uuid":"cbd35026-2b80-4a18-8498-51102db3b605","type":"SphereGeometry","radius":8,"widthSegments":32,"heightSegments":16,"phiStart":0,"phiLength":6.283185307179586,"thetaStart":0,"thetaLength":3.141592653589793},{"uuid":"e115e34c-f5f6-4035-95a4-c277bd50bfbb","type":"SphereGeometry","radius":6,"widthSegments":32,"heightSegments":16,"phiStart":0,"phiLength":6.283185307179586,"thetaStart":0,"thetaLength":3.141592653589793},{"uuid":"b03f2215-a5db-467e-ad15-9693e8967a58","type":"SphereGeometry","radius":4,"widthSegments":32,"heightSegments":16,"phiStart":0,"phiLength":6.283185307179586,"thetaStart":0,"thetaLength":3.141592653589793},{"uuid":"bc3241e7-0b47-42b3-8038-c12a0ea18dfd","type":"SphereGeometry","radius":14,"widthSegments":32,"heightSegments":16,"phiStart":0,"phiLength":6.283185307179586,"thetaStart":0,"thetaLength":3.141592653589793},{"uuid":"d721ff47-2fdc-4fe4-b083-9688227c399d","type":"SphereGeometry","radius":10,"widthSegments":32,"heightSegments":16,"phiStart":0,"phiLength":6.283185307179586,"thetaStart":0,"thetaLength":3.141592653589793},{"uuid":"a0afaa9e-4b1b-4523-9e87-2731319b9370","type":"SphereGeometry","radius":14,"widthSegments":32,"heightSegments":16,"phiStart":0,"phiLength":6.283185307179586,"thetaStart":0,"thetaLength":3.141592653589793},{"uuid":"c6743c9a-22ae-4a04-b4bb-434ecceef34a","type":"SphereGeometry","radius":14,"widthSegments":32,"heightSegments":16,"phiStart":0,"phiLength":6.283185307179586,"thetaStart":0,"thetaLength":3.141592653589793},{"uuid":"a49b9011-187c-4bd5-a3e7-4a7f8ce13c99","type":"SphereGeometry","radius":10,"widthSegments":32,"heightSegments":16,"phiStart":0,"phiLength":6.283185307179586,"thetaStart":0,"thetaLength":3.141592653589793},{"uuid":"704c5798-df8f-40b4-8cff-9455bf460fae","type":"SphereGeometry","radius":14,"widthSegments":32,"heightSegments":16,"phiStart":0,"phiLength":6.283185307179586,"thetaStart":0,"thetaLength":3.141592653589793}],"materials":[{"uuid":"b7307d0d-de0b-4558-ab0d-d43dd28bb2f6","type":"MeshBasicMaterial","color":6703895,"reflectivity":1,"refractionRatio":0.98,"depthFunc":3,"depthTest":true,"depthWrite":true,"colorWrite":true,"stencilWrite":false,"stencilWriteMask":255,"stencilFunc":519,"stencilRef":0,"stencilFuncMask":255,"stencilFail":7680,"stencilZFail":7680,"stencilZPass":7680},{"uuid":"58bcbe36-6e6f-4ef9-a8ad-94f06eee28be","type":"MeshPhongMaterial","color":16737792,"emissive":0,"specular":1118481,"shininess":30,"reflectivity":1,"refractionRatio":0.98,"depthFunc":3,"depthTest":true,"depthWrite":true,"colorWrite":true,"stencilWrite":false,"stencilWriteMask":255,"stencilFunc":519,"stencilRef":0,"stencilFuncMask":255,"stencilFail":7680,"stencilZFail":7680,"stencilZPass":7680},{"uuid":"a7ecd571-32b2-4c72-9c47-4a53943ce2e7","type":"MeshPhongMaterial","color":6375945,"emissive":0,"specular":1118481,"shininess":30,"reflectivity":1,"refractionRatio":0.98,"depthFunc":3,"depthTest":true,"depthWrite":true,"colorWrite":true,"stencilWrite":false,"stencilWriteMask":255,"stencilFunc":519,"stencilRef":0,"stencilFuncMask":255,"stencilFail":7680,"stencilZFail":7680,"stencilZPass":7680},{"uuid":"67c160ea-9b00-42d6-8580-5e5618156cd1","type":"MeshPhongMaterial","color":1198611,"emissive":0,"specular":1118481,"shininess":30,"reflectivity":1,"refractionRatio":0.98,"depthFunc":3,"depthTest":true,"depthWrite":true,"colorWrite":true,"stencilWrite":false,"stencilWriteMask":255,"stencilFunc":519,"stencilRef":0,"stencilFuncMask":255,"stencilFail":7680,"stencilZFail":7680,"stencilZPass":7680}],"object":{"uuid":"d37e7d4a-05e6-4c02-b7c4-084d99a19750","type":"Group","name":"player","layers":1,"matrix":[1,0,0,0,0,1,0,0,0,0,1,0,0,0,0,1],"children":[{"uuid":"a8ce193a-f5da-42f2-bc2a-fb09ceb067cf","type":"Group","name":"head","layers":1,"matrix":[2.220446049250313e-16,0,-1,0,0,1,0,0,1,0,2.220446049250313e-16,0,0,160,0,1],"children":[{"uuid":"92fef6ea-657b-498e-8f8c-d13faf327c80","type":"Mesh","castShadow":true,"receiveShadow":true,"layers":1,"matrix":[1,0,0,0,0,1,0,0,0,0,1,0,0,0,0,1],"geometry":"05149669-856e-4cdc-996e-7f74034e455a","material":"b7307d0d-de0b-4558-ab0d-d43dd28bb2f6"}]},{"uuid":"17537851-5818-48cd-9184-9810d5007334","type":"Group","name":"body","userData":{"height":130},"layers":1,"matrix":[1,0,0,0,0,1,0,0,0,0,1,0,0,130,0,1],"children":[{"uuid":"55a03495-480d-41a3-894f-ab27dfe1c918","type":"Mesh","castShadow":true,"receiveShadow":true,"layers":1,"matrix":[1,0,0,0,0,1,0,0,0,0,1,0,0,-38,0,1],"geometry":"02e30c39-64a7-4bef-bd12-2d390d7824f9","material":"58bcbe36-6e6f-4ef9-a8ad-94f06eee28be"},{"uuid":"ef7d4f67-7684-4f3b-924e-efdd9313a7de","type":"Group","name":"arms","layers":1,"matrix":[1,0,0,0,0,1,0,0,0,0,1,0,0,0,0,1],"children":[{"uuid":"89eea95b-7afc-4d0f-b01c-7a10ca914d42","type":"Mesh","castShadow":true,"receiveShadow":true,"layers":1,"matrix":[1,0,0,0,0,1,0,0,0,0,1,0,0,-26,0,1],"geometry":"0805eb9d-0659-4dd5-9e9a-03b327615d61","material":"a7ecd571-32b2-4c72-9c47-4a53943ce2e7"},{"uuid":"ab25d132-b801-4e16-8bc3-cb3011f51aff","type":"Mesh","castShadow":true,"receiveShadow":true,"layers":1,"matrix":[1,0,0,0,0,1,0,0,0,0,1,0,-22,-10,6,1],"geometry":"29b7d6fa-be59-45db-9d06-d49479fbaed9","material":"a7ecd571-32b2-4c72-9c47-4a53943ce2e7"},{"uuid":"f824f4c6-e312-4e00-b8c6-f3ba0ce3ba4f","type":"Mesh","castShadow":true,"receiveShadow":true,"layers":1,"matrix":[1,0,0,0,0,1,0,0,0,0,1,0,-34,-11,0,1],"geometry":"c669ad44-3062-4c33-9455-3fd52082c4b6","material":"a7ecd571-32b2-4c72-9c47-4a53943ce2e7"},{"uuid":"f9750f1e-9929-47e4-8d19-3e00ce82d54e","type":"Mesh","castShadow":true,"receiveShadow":true,"layers":1,"matrix":[1,0,0,0,0,1,0,0,0,0,1,0,-36,-17,-8,1],"geometry":"726ddcd7-76b7-4314-8b5d-da83fc8690b9","material":"a7ecd571-32b2-4c72-9c47-4a53943ce2e7"},{"uuid":"e78c26a3-c6a2-4daa-97a1-c59ac474de93","type":"Mesh","castShadow":true,"receiveShadow":true,"layers":1,"matrix":[1,0,0,0,0,1,0,0,0,0,1,0,-37,-19,-14,1],"geometry":"dd6793c7-c858-40a1-9247-1de955da4cd2","material":"a7ecd571-32b2-4c72-9c47-4a53943ce2e7"},{"uuid":"a6abe3a9-8d7f-4433-9c96-c85cc5d45a70","type":"Mesh","castShadow":true,"receiveShadow":true,"layers":1,"matrix":[1,0,0,0,0,1,0,0,0,0,1,0,22,-10,6,1],"geometry":"95f83892-a697-409e-84e1-2280e81ccc0b","material":"a7ecd571-32b2-4c72-9c47-4a53943ce2e7"},{"uuid":"fb9aacba-60ab-4d8b-8c67-e34cb37f4473","type":"Mesh","castShadow":true,"receiveShadow":true,"layers":1,"matrix":[1,0,0,0,0,1,0,0,0,0,1,0,34,-9,-8,1],"geometry":"cbd35026-2b80-4a18-8498-51102db3b605","material":"a7ecd571-32b2-4c72-9c47-4a53943ce2e7"},{"uuid":"19da8191-490d-4775-a79a-9ef106ccb599","type":"Mesh","castShadow":true,"receiveShadow":true,"layers":1,"matrix":[1,0,0,0,0,1,0,0,0,0,1,0,30,-11,-18,1],"geometry":"e115e34c-f5f6-4035-95a4-c277bd50bfbb","material":"a7ecd571-32b2-4c72-9c47-4a53943ce2e7"},{"uuid":"1151939c-0a56-4d17-a745-df0106a6b6df","type":"Mesh","castShadow":true,"receiveShadow":true,"layers":1,"matrix":[1,0,0,0,0,1,0,0,0,0,1,0,27,-14,-22,1],"geometry":"b03f2215-a5db-467e-ad15-9693e8967a58","material":"a7ecd571-32b2-4c72-9c47-4a53943ce2e7"},{"uuid":"34572bdf-7739-40ba-acef-28b2554732bb","type":"Group","name":"hand","layers":1,"matrix":[-0.4226182617406997,-1.6653345369377348e-16,-0.90630778703665,0,0.90630778703665,-2.220446049250313e-16,-0.4226182617406995,0,-5.551115123125783e-17,-1.0000000000000002,0,0,22,-12,-30,1]}]},{"uuid":"51d8a47a-d4ea-4e77-b52e-bfc3292bfdb6","type":"Group","name":"belt","layers":1,"matrix":[1,0,0,0,0,1,0,0,0,0,1,0,0,-40,0,1],"children":[{"uuid":"16938c7d-95fb-4d1b-82f9-71c76cb490bd","type":"Group","name":"slot-0","layers":1,"matrix":[-0.1736481776669303,0.9698463103929543,-0.17101007166283438,0,-0.9848077530122082,-0.17101007166283444,0.0301536896070458,0,-1.3877787807814457e-17,0.17364817766693036,0.984807753012208,0,-36,-8,-2,1]},{"uuid":"7bc87bd8-3032-4e47-a066-c0c8a032507c","type":"Group","name":"slot-1","layers":1,"matrix":[2.220446049250313e-16,-0.9396926207859084,0.34202014332566855,0,-5.551115123125783e-17,-0.34202014332566844,-0.9396926207859084,0,0.9999999999999999,1.6653345369377348e-16,0,0,14,22,35,1]},{"uuid":"a84c83c3-e596-4a75-953d-1b704f1275a9","type":"Group","name":"slot-2","layers":1,"matrix":[-0.17364817766693008,-0.9254165783983234,0.33682408883346515,0,0.984807753012208,-0.16317591116653452,0.059391174613884656,0,0,0.3420201433256687,0.9396926207859084,0,36,-6,-6,1]},{"uuid":"d04cf95e-9a7b-44ce-a327-d7e9206a33cc","type":"Group","name":"slot-3","layers":1,"matrix":[-0.9848077530122081,-0.16317591116653493,0.05939117461388475,0,0,0.34202014332566877,0.9396926207859083,0,-0.17364817766693047,0.9254165783983234,-0.33682408883346526,0,-18,35,14,1]}]}]},{"uuid":"75c6fa16-ff87-4082-a707-a928dbc012b0","type":"Group","name":"legs","layers":1,"matrix":[1,0,0,0,0,1,0,0,0,0,1,0,0,0,0,1],"children":[{"uuid":"3649be71-2d24-45f9-a66d-3fe2c9aaccfd","type":"Mesh","castShadow":true,"receiveShadow":true,"layers":1,"matrix":[1,0,0,0,0,1,0,0,0,0,1,0,-20,14,-4,1],"geometry":"bc3241e7-0b47-42b3-8038-c12a0ea18dfd","material":"67c160ea-9b00-42d6-8580-5e5618156cd1"},{"uuid":"c44f680a-640b-455f-a055-42b4ac02aca1","type":"Mesh","castShadow":true,"receiveShadow":true,"layers":1,"matrix":[1,0,0,0,0,1,0,0,0,0,1,0,-24,34,2,1],"geometry":"d721ff47-2fdc-4fe4-b083-9688227c399d","material":"67c160ea-9b00-42d6-8580-5e5618156cd1"},{"uuid":"40c9cd6f-47dc-4b66-bd73-3795fe76c113","type":"Mesh","castShadow":true,"receiveShadow":true,"layers":1,"matrix":[1,0,0,0,0,1,0,0,0,0,1,0,-28,54,-2,1],"geometry":"a0afaa9e-4b1b-4523-9e87-2731319b9370","material":"67c160ea-9b00-42d6-8580-5e5618156cd1"},{"uuid":"64c4539b-d293-442a-9c3d-6e9738abc3d4","type":"Mesh","castShadow":true,"receiveShadow":true,"layers":1,"matrix":[1,0,0,0,0,1,0,0,0,0,1,0,20,14,-4,1],"geometry":"c6743c9a-22ae-4a04-b4bb-434ecceef34a","material":"67c160ea-9b00-42d6-8580-5e5618156cd1"},{"uuid":"a862c305-8351-41b6-a81a-0c04a363868f","type":"Mesh","castShadow":true,"receiveShadow":true,"layers":1,"matrix":[1,0,0,0,0,1,0,0,0,0,1,0,24,34,2,1],"geometry":"a49b9011-187c-4bd5-a3e7-4a7f8ce13c99","material":"67c160ea-9b00-42d6-8580-5e5618156cd1"},{"uuid":"b3a7fdee-5692-44a2-905f-db160cb7d89b","type":"Mesh","castShadow":true,"receiveShadow":true,"layers":1,"matrix":[1,0,0,0,0,1,0,0,0,0,1,0,28,54,-2,1],"geometry":"704c5798-df8f-40b4-8cff-9455bf460fae","material":"67c160ea-9b00-42d6-8580-5e5618156cd1"}]}]}}