{"metadata":{"version":4.5,"type":"Object","generator":"Object3D.toJSON"},"geometries":[{"uuid":"327e6ed6-ce73-4435-bac6-1835f1958da4","type":"SphereGeometry","radius":30,"widthSegments":32,"heightSegments":16,"phiStart":0,"phiLength":6.283185307179586,"thetaStart":0,"thetaLength":3.141592653589793},{"uuid":"207004a0-18de-4585-81b9-b2b84cf5d514","type":"SphereGeometry","radius":38,"widthSegments":32,"heightSegments":16,"phiStart":0,"phiLength":6.283185307179586,"thetaStart":0,"thetaLength":3.141592653589793},{"uuid":"5b94dc0a-83ee-49cf-b6d4-c057949dd045","type":"SphereGeometry","radius":30,"widthSegments":32,"heightSegments":16,"phiStart":0,"phiLength":6.283185307179586,"thetaStart":0,"thetaLength":3.141592653589793},{"uuid":"b66e275c-195f-4459-9b32-be5818fd5caf","type":"SphereGeometry","radius":12,"widthSegments":32,"heightSegments":16,"phiStart":0,"phiLength":6.283185307179586,"thetaStart":0,"thetaLength":3.141592653589793},{"uuid":"a9d0abbf-25ae-4ed7-a42f-62a4e4e49d7b","type":"SphereGeometry","radius":8,"widthSegments":32,"heightSegments":16,"phiStart":0,"phiLength":6.283185307179586,"thetaStart":0,"thetaLength":3.141592653589793},{"uuid":"125a7947-f3e5-4979-8055-08268ba19caa","type":"SphereGeometry","radius":6,"widthSegments":32,"heightSegments":16,"phiStart":0,"phiLength":6.283185307179586,"thetaStart":0,"thetaLength":3.141592653589793},{"uuid":"e99b4dc4-72dc-407c-8f91-3bc63375bf81","type":"SphereGeometry","radius":4,"widthSegments":32,"heightSegments":16,"phiStart":0,"phiLength":6.283185307179586,"thetaStart":0,"thetaLength":3.141592653589793},{"uuid":"62a89d51-eb51-4e69-900d-2424577b7211","type":"SphereGeometry","radius":12,"widthSegments":32,"heightSegments":16,"phiStart":0,"phiLength":6.283185307179586,"thetaStart":0,"thetaLength":3.141592653589793},{"uuid":"bbdd05ca-5370-40dc-baa9-fd6ba6bd2087","type":"SphereGeometry","radius":8,"widthSegments":32,"heightSegments":16,"phiStart":0,"phiLength":6.283185307179586,"thetaStart":0,"thetaLength":3.141592653589793},{"uuid":"159628d9-2e7b-4fe6-a430-d40f5c7eb5b0","type":"SphereGeometry","radius":6,"widthSegments":32,"heightSegments":16,"phiStart":0,"phiLength":6.283185307179586,"thetaStart":0,"thetaLength":3.141592653589793},{"uuid":"0533ab7a-bf3e-4634-9274-8a356a2d099e","type":"SphereGeometry","radius":4,"widthSegments":32,"heightSegments":16,"phiStart":0,"phiLength":6.283185307179586,"thetaStart":0,"thetaLength":3.141592653589793},{"uuid":"b5ba3704-665c-40fa-a6cf-724f1e61679f","type":"SphereGeometry","radius":14,"widthSegments":32,"heightSegments":16,"phiStart":0,"phiLength":6.283185307179586,"thetaStart":0,"thetaLength":3.141592653589793},{"uuid":"b35f2765-1957-47a6-ab08-7278897e4055","type":"SphereGeometry","radius":10,"widthSegments":32,"heightSegments":16,"phiStart":0,"phiLength":6.283185307179586,"thetaStart":0,"thetaLength":3.141592653589793},{"uuid":"efcefcda-32ca-428d-9e18-259925601202","type":"SphereGeometry","radius":14,"widthSegments":32,"heightSegments":16,"phiStart":0,"phiLength":6.283185307179586,"thetaStart":0,"thetaLength":3.141592653589793},{"uuid":"7dd6dee9-8dc9-437d-9bdd-dd5043ce169b","type":"SphereGeometry","radius":14,"widthSegments":32,"heightSegments":16,"phiStart":0,"phiLength":6.283185307179586,"thetaStart":0,"thetaLength":3.141592653589793},{"uuid":"2c158fd6-4398-484b-a9bb-4b88dbedbe5d","type":"SphereGeometry","radius":10,"widthSegments":32,"heightSegments":16,"phiStart":0,"phiLength":6.283185307179586,"thetaStart":0,"thetaLength":3.141592653589793},{"uuid":"1ce8e183-8773-4e9d-b247-c0cd993f61eb","type":"SphereGeometry","radius":14,"widthSegments":32,"heightSegments":16,"phiStart":0,"phiLength":6.283185307179586,"thetaStart":0,"thetaLength":3.141592653589793}],"materials":[{"uuid":"9fb583b5-0481-4496-9d13-3214e71a32f2","type":"MeshBasicMaterial","color":6703895,"reflectivity":1,"refractionRatio":0.98,"depthFunc":3,"depthTest":true,"depthWrite":true,"colorWrite":true,"stencilWrite":false,"stencilWriteMask":255,"stencilFunc":519,"stencilRef":0,"stencilFuncMask":255,"stencilFail":7680,"stencilZFail":7680,"stencilZPass":7680},{"uuid":"d06b2ad4-0925-4dc7-a001-811862b91ace","type":"MeshStandardMaterial","color":16737792,"roughness":1,"metalness":0,"emissive":0,"envMapIntensity":1,"depthFunc":3,"depthTest":true,"depthWrite":true,"colorWrite":true,"stencilWrite":false,"stencilWriteMask":255,"stencilFunc":519,"stencilRef":0,"stencilFuncMask":255,"stencilFail":7680,"stencilZFail":7680,"stencilZPass":7680},{"uuid":"ece3b7cd-57a6-4952-98a4-306e9faba4c8","type":"MeshStandardMaterial","color":1133373,"roughness":1,"metalness":0,"emissive":0,"envMapIntensity":1,"depthFunc":3,"depthTest":true,"depthWrite":true,"colorWrite":true,"stencilWrite":false,"stencilWriteMask":255,"stencilFunc":519,"stencilRef":0,"stencilFuncMask":255,"stencilFail":7680,"stencilZFail":7680,"stencilZPass":7680},{"uuid":"239cdb8e-b3fd-4517-b75f-0e978c87bfd4","type":"MeshStandardMaterial","color":1198611,"roughness":1,"metalness":0,"emissive":0,"envMapIntensity":1,"depthFunc":3,"depthTest":true,"depthWrite":true,"colorWrite":true,"stencilWrite":false,"stencilWriteMask":255,"stencilFunc":519,"stencilRef":0,"stencilFuncMask":255,"stencilFail":7680,"stencilZFail":7680,"stencilZPass":7680}],"object":{"uuid":"badd5d7d-1f57-4843-a7d2-90f04227cc3d","type":"Group","name":"player","layers":1,"matrix":[1,0,0,0,0,1,0,0,0,0,1,0,0,0,0,1],"children":[{"uuid":"51098c5b-d059-4e71-ada6-98c96a43cc8b","type":"Group","name":"head","layers":1,"matrix":[2.220446049250313e-16,0,-1,0,0,1,0,0,1,0,2.220446049250313e-16,0,0,160,0,1],"children":[{"uuid":"22d5d8ef-3486-4f4f-8e5d-74f31f0f8fcb","type":"Mesh","castShadow":true,"receiveShadow":true,"layers":1,"matrix":[1,0,0,0,0,1,0,0,0,0,1,0,0,0,0,1],"geometry":"327e6ed6-ce73-4435-bac6-1835f1958da4","material":"9fb583b5-0481-4496-9d13-3214e71a32f2"}]},{"uuid":"d7c4291f-4d47-4975-84a6-a3f95bd60ed9","type":"Group","name":"figure","layers":1,"matrix":[1,0,0,0,0,1,0,0,0,0,1,0,0,0,0,1],"children":[{"uuid":"2386a86a-49f2-4b92-89bd-79fb22ea5e3f","type":"Group","name":"body","userData":{"height":130},"layers":1,"matrix":[1,0,0,0,0,1,0,0,0,0,1,0,0,130,0,1],"children":[{"uuid":"35a533db-d3ec-46dc-b453-361c9f08718b","type":"Mesh","castShadow":true,"receiveShadow":true,"layers":1,"matrix":[1,0,0,0,0,1,0,0,0,0,1,0,0,-38,0,1],"geometry":"207004a0-18de-4585-81b9-b2b84cf5d514","material":"d06b2ad4-0925-4dc7-a001-811862b91ace"},{"uuid":"b080e70e-7285-43bb-b7a4-0bd4aac3f7ce","type":"Group","name":"arms","layers":1,"matrix":[1,0,0,0,0,1,0,0,0,0,1,0,0,0,0,1],"children":[{"uuid":"b01f2366-c7c6-42e9-b37b-e557db31ccca","type":"Mesh","castShadow":true,"receiveShadow":true,"layers":1,"matrix":[1,0,0,0,0,1,0,0,0,0,1,0,0,-26,0,1],"geometry":"5b94dc0a-83ee-49cf-b6d4-c057949dd045","material":"ece3b7cd-57a6-4952-98a4-306e9faba4c8"},{"uuid":"e7695124-5298-4c1d-962e-9406703de7b1","type":"Mesh","castShadow":true,"receiveShadow":true,"layers":1,"matrix":[1,0,0,0,0,1,0,0,0,0,1,0,-22,-10,6,1],"geometry":"b66e275c-195f-4459-9b32-be5818fd5caf","material":"ece3b7cd-57a6-4952-98a4-306e9faba4c8"},{"uuid":"c7578647-84dd-423a-adb0-77f6ab85f5e4","type":"Mesh","castShadow":true,"receiveShadow":true,"layers":1,"matrix":[1,0,0,0,0,1,0,0,0,0,1,0,-34,-11,0,1],"geometry":"a9d0abbf-25ae-4ed7-a42f-62a4e4e49d7b","material":"ece3b7cd-57a6-4952-98a4-306e9faba4c8"},{"uuid":"34692825-b0cd-44c1-ba5c-0783b09819ec","type":"Mesh","castShadow":true,"receiveShadow":true,"layers":1,"matrix":[1,0,0,0,0,1,0,0,0,0,1,0,-36,-17,-8,1],"geometry":"125a7947-f3e5-4979-8055-08268ba19caa","material":"ece3b7cd-57a6-4952-98a4-306e9faba4c8"},{"uuid":"967f85f3-57c7-40d8-ad88-2b2a48285005","type":"Mesh","castShadow":true,"receiveShadow":true,"layers":1,"matrix":[1,0,0,0,0,1,0,0,0,0,1,0,-37,-19,-14,1],"geometry":"e99b4dc4-72dc-407c-8f91-3bc63375bf81","material":"ece3b7cd-57a6-4952-98a4-306e9faba4c8"},{"uuid":"85ab4d58-bf99-43eb-aae7-354ec9af0f84","type":"Mesh","castShadow":true,"receiveShadow":true,"layers":1,"matrix":[1,0,0,0,0,1,0,0,0,0,1,0,22,-10,6,1],"geometry":"62a89d51-eb51-4e69-900d-2424577b7211","material":"ece3b7cd-57a6-4952-98a4-306e9faba4c8"},{"uuid":"7f6b5a71-bcec-4135-894b-b9838c2839a9","type":"Mesh","castShadow":true,"receiveShadow":true,"layers":1,"matrix":[1,0,0,0,0,1,0,0,0,0,1,0,34,-9,-8,1],"geometry":"bbdd05ca-5370-40dc-baa9-fd6ba6bd2087","material":"ece3b7cd-57a6-4952-98a4-306e9faba4c8"},{"uuid":"c793bd4e-a46b-490d-b1da-b8e30529c3c8","type":"Mesh","castShadow":true,"receiveShadow":true,"layers":1,"matrix":[1,0,0,0,0,1,0,0,0,0,1,0,30,-11,-18,1],"geometry":"159628d9-2e7b-4fe6-a430-d40f5c7eb5b0","material":"ece3b7cd-57a6-4952-98a4-306e9faba4c8"},{"uuid":"54af815d-8976-424a-aa52-81a91806c106","type":"Mesh","castShadow":true,"receiveShadow":true,"layers":1,"matrix":[1,0,0,0,0,1,0,0,0,0,1,0,27,-14,-22,1],"geometry":"0533ab7a-bf3e-4634-9274-8a356a2d099e","material":"ece3b7cd-57a6-4952-98a4-306e9faba4c8"},{"uuid":"0bf46685-9c10-48cb-a9bc-d246fc6fc6ca","type":"Group","name":"hand","layers":1,"matrix":[-0.4226182617406997,-1.6653345369377348e-16,-0.90630778703665,0,0.90630778703665,-2.220446049250313e-16,-0.4226182617406995,0,-5.551115123125783e-17,-1.0000000000000002,0,0,22,-12,-30,1]}]},{"uuid":"cb0efdc4-c31c-4859-b1cc-0d19a2439422","type":"Group","name":"belt","layers":1,"matrix":[1,0,0,0,0,1,0,0,0,0,1,0,0,-40,0,1],"children":[{"uuid":"287cddcc-d57a-41ff-aefe-4a1f8f8f0376","type":"Group","name":"slot-0","layers":1,"matrix":[-0.1736481776669303,0.9698463103929543,-0.17101007166283438,0,-0.9848077530122082,-0.17101007166283444,0.0301536896070458,0,-1.3877787807814457e-17,0.17364817766693036,0.984807753012208,0,-36,-8,-2,1]},{"uuid":"86bf1b2d-ea94-486f-9c42-1d80992cd99c","type":"Group","name":"slot-1","layers":1,"matrix":[2.220446049250313e-16,-0.9396926207859084,0.34202014332566855,0,-5.551115123125783e-17,-0.34202014332566844,-0.9396926207859084,0,0.9999999999999999,1.6653345369377348e-16,0,0,14,22,35,1]},{"uuid":"854cd438-ea35-45de-851b-99e1924146fb","type":"Group","name":"slot-2","layers":1,"matrix":[-0.17364817766693008,-0.9254165783983234,0.33682408883346515,0,0.984807753012208,-0.16317591116653452,0.059391174613884656,0,0,0.3420201433256687,0.9396926207859084,0,36,-6,-6,1]},{"uuid":"f8bfc42b-88b3-4b09-9eff-a3d0c8f3da83","type":"Group","name":"slot-3","layers":1,"matrix":[-0.9848077530122081,-0.16317591116653493,0.05939117461388475,0,0,0.34202014332566877,0.9396926207859083,0,-0.17364817766693047,0.9254165783983234,-0.33682408883346526,0,-18,35,14,1]}]}]},{"uuid":"92883f7e-7717-4fd6-ae46-d42b4ca68c10","type":"Group","name":"legs","layers":1,"matrix":[1,0,0,0,0,1,0,0,0,0,1,0,0,0,0,1],"children":[{"uuid":"635a1d5a-9678-4d4a-8ab8-adc214d41cb2","type":"Mesh","castShadow":true,"receiveShadow":true,"layers":1,"matrix":[1,0,0,0,0,1,0,0,0,0,1,0,-20,14,-4,1],"geometry":"b5ba3704-665c-40fa-a6cf-724f1e61679f","material":"239cdb8e-b3fd-4517-b75f-0e978c87bfd4"},{"uuid":"450f0db4-cae4-47a8-8e0c-721288196703","type":"Mesh","castShadow":true,"receiveShadow":true,"layers":1,"matrix":[1,0,0,0,0,1,0,0,0,0,1,0,-24,34,2,1],"geometry":"b35f2765-1957-47a6-ab08-7278897e4055","material":"239cdb8e-b3fd-4517-b75f-0e978c87bfd4"},{"uuid":"f11f84fb-f6e1-4cd6-a6c0-9fd836d33a07","type":"Mesh","castShadow":true,"receiveShadow":true,"layers":1,"matrix":[1,0,0,0,0,1,0,0,0,0,1,0,-28,54,-2,1],"geometry":"efcefcda-32ca-428d-9e18-259925601202","material":"239cdb8e-b3fd-4517-b75f-0e978c87bfd4"},{"uuid":"8de5b176-af05-4ab4-b346-bf67ecd5b287","type":"Mesh","castShadow":true,"receiveShadow":true,"layers":1,"matrix":[1,0,0,0,0,1,0,0,0,0,1,0,20,14,-4,1],"geometry":"7dd6dee9-8dc9-437d-9bdd-dd5043ce169b","material":"239cdb8e-b3fd-4517-b75f-0e978c87bfd4"},{"uuid":"97135247-6a5f-4e70-95b3-707c2263c852","type":"Mesh","castShadow":true,"receiveShadow":true,"layers":1,"matrix":[1,0,0,0,0,1,0,0,0,0,1,0,24,34,2,1],"geometry":"2c158fd6-4398-484b-a9bb-4b88dbedbe5d","material":"239cdb8e-b3fd-4517-b75f-0e978c87bfd4"},{"uuid":"f8ad4cc6-6a8c-4baa-a6fc-37e67b94dd7f","type":"Mesh","castShadow":true,"receiveShadow":true,"layers":1,"matrix":[1,0,0,0,0,1,0,0,0,0,1,0,28,54,-2,1],"geometry":"1ce8e183-8773-4e9d-b247-c0cd993f61eb","material":"239cdb8e-b3fd-4517-b75f-0e978c87bfd4"}]}]}]}}