{"metadata":{"version":4.5,"type":"Object","generator":"Object3D.toJSON"},"geometries":[{"uuid":"f9f4bffb-cf66-4004-8cee-0c8c67e0205c","type":"SphereGeometry","radius":30,"widthSegments":32,"heightSegments":16,"phiStart":0,"phiLength":6.283185307179586,"thetaStart":0,"thetaLength":3.141592653589793},{"uuid":"8148e744-1a71-46bd-b7d0-49b89c7cd06f","type":"SphereGeometry","radius":38,"widthSegments":32,"heightSegments":16,"phiStart":0,"phiLength":6.283185307179586,"thetaStart":0,"thetaLength":3.141592653589793},{"uuid":"ddbe1e9a-61ac-4ac0-9e71-20b4ec504336","type":"SphereGeometry","radius":30,"widthSegments":32,"heightSegments":16,"phiStart":0,"phiLength":6.283185307179586,"thetaStart":0,"thetaLength":3.141592653589793},{"uuid":"a9604bf2-bd26-4cfc-bd3b-8babe81968cf","type":"SphereGeometry","radius":12,"widthSegments":32,"heightSegments":16,"phiStart":0,"phiLength":6.283185307179586,"thetaStart":0,"thetaLength":3.141592653589793},{"uuid":"c03814a4-09f0-469a-8d63-7d5608e646a7","type":"SphereGeometry","radius":8,"widthSegments":32,"heightSegments":16,"phiStart":0,"phiLength":6.283185307179586,"thetaStart":0,"thetaLength":3.141592653589793},{"uuid":"9ab3dc80-ad7e-4eeb-8a37-8fb9523e88f7","type":"SphereGeometry","radius":6,"widthSegments":32,"heightSegments":16,"phiStart":0,"phiLength":6.283185307179586,"thetaStart":0,"thetaLength":3.141592653589793},{"uuid":"8b068f19-5e12-4f2a-9832-ffcb29addcd3","type":"SphereGeometry","radius":4,"widthSegments":32,"heightSegments":16,"phiStart":0,"phiLength":6.283185307179586,"thetaStart":0,"thetaLength":3.141592653589793},{"uuid":"d5b1f413-d466-4bc1-bfb5-4dc087566c92","type":"SphereGeometry","radius":12,"widthSegments":32,"heightSegments":16,"phiStart":0,"phiLength":6.283185307179586,"thetaStart":0,"thetaLength":3.141592653589793},{"uuid":"5f367832-91cb-4f4f-8e3b-25cc9229e3c4","type":"SphereGeometry","radius":8,"widthSegments":32,"heightSegments":16,"phiStart":0,"phiLength":6.283185307179586,"thetaStart":0,"thetaLength":3.141592653589793},{"uuid":"7ac6aa38-26f0-4c1e-9c14-93a6fd7fa2a2","type":"SphereGeometry","radius":6,"widthSegments":32,"heightSegments":16,"phiStart":0,"phiLength":6.283185307179586,"thetaStart":0,"thetaLength":3.141592653589793},{"uuid":"1557c6f5-76b4-40f8-b452-fe49da31e29c","type":"SphereGeometry","radius":4,"widthSegments":32,"heightSegments":16,"phiStart":0,"phiLength":6.283185307179586,"thetaStart":0,"thetaLength":3.141592653589793},{"uuid":"f3315e0b-91a0-456b-8a8a-af5e10ae06ab","type":"SphereGeometry","radius":14,"widthSegments":32,"heightSegments":16,"phiStart":0,"phiLength":6.283185307179586,"thetaStart":0,"thetaLength":3.141592653589793},{"uuid":"b86225fa-4468-407e-8698-0c2ab057d6c7","type":"SphereGeometry","radius":10,"widthSegments":32,"heightSegments":16,"phiStart":0,"phiLength":6.283185307179586,"thetaStart":0,"thetaLength":3.141592653589793},{"uuid":"60164378-e737-4ac1-858f-f694d144aead","type":"SphereGeometry","radius":14,"widthSegments":32,"heightSegments":16,"phiStart":0,"phiLength":6.283185307179586,"thetaStart":0,"thetaLength":3.141592653589793},{"uuid":"6bd51cfb-5451-40ea-b1b5-a755d056f40f","type":"SphereGeometry","radius":14,"widthSegments":32,"heightSegments":16,"phiStart":0,"phiLength":6.283185307179586,"thetaStart":0,"thetaLength":3.141592653589793},{"uuid":"196127fe-b152-4783-a84b-7df595f1da17","type":"SphereGeometry","radius":10,"widthSegments":32,"heightSegments":16,"phiStart":0,"phiLength":6.283185307179586,"thetaStart":0,"thetaLength":3.141592653589793},{"uuid":"3920407f-fcd1-4a8f-9d24-5d11adafb882","type":"SphereGeometry","radius":14,"widthSegments":32,"heightSegments":16,"phiStart":0,"phiLength":6.283185307179586,"thetaStart":0,"thetaLength":3.141592653589793}],"materials":[{"uuid":"2ae35e27-0293-4434-9c7f-42a327e5d0ee","type":"MeshBasicMaterial","color":6703895,"reflectivity":1,"refractionRatio":0.98,"depthFunc":3,"depthTest":true,"depthWrite":true,"colorWrite":true,"stencilWrite":false,"stencilWriteMask":255,"stencilFunc":519,"stencilRef":0,"stencilFuncMask":255,"stencilFail":7680,"stencilZFail":7680,"stencilZPass":7680},{"uuid":"d89fa2f4-829f-4310-ab2c-df0e5cd840c2","type":"MeshPhongMaterial","color":16737792,"emissive":0,"specular":1118481,"shininess":30,"reflectivity":1,"refractionRatio":0.98,"depthFunc":3,"depthTest":true,"depthWrite":true,"colorWrite":true,"stencilWrite":false,"stencilWriteMask":255,"stencilFunc":519,"stencilRef":0,"stencilFuncMask":255,"stencilFail":7680,"stencilZFail":7680,"stencilZPass":7680},{"uuid":"8e2b6c7c-177c-4b01-864c-33bc56bfe7a7","type":"MeshPhongMaterial","color":6375945,"emissive":0,"specular":1118481,"shininess":30,"reflectivity":1,"refractionRatio":0.98,"depthFunc":3,"depthTest":true,"depthWrite":true,"colorWrite":true,"stencilWrite":false,"stencilWriteMask":255,"stencilFunc":519,"stencilRef":0,"stencilFuncMask":255,"stencilFail":7680,"stencilZFail":7680,"stencilZPass":7680},{"uuid":"61b3f90c-2b66-42be-8c4f-cc7f6b9c6eac","type":"MeshPhongMaterial","color":1198611,"emissive":0,"specular":1118481,"shininess":30,"reflectivity":1,"refractionRatio":0.98,"depthFunc":3,"depthTest":true,"depthWrite":true,"colorWrite":true,"stencilWrite":false,"stencilWriteMask":255,"stencilFunc":519,"stencilRef":0,"stencilFuncMask":255,"stencilFail":7680,"stencilZFail":7680,"stencilZPass":7680}],"object":{"uuid":"f4ff4f09-1de2-4d4c-9d48-38da974a8da2","type":"Group","name":"player","layers":1,"matrix":[1,0,0,0,0,1,0,0,0,0,1,0,0,0,0,1],"children":[{"uuid":"364c92bb-188c-4ab0-8a15-a1e25acdbc2a","type":"Group","name":"head","layers":1,"matrix":[2.220446049250313e-16,0,-1,0,0,1,0,0,1,0,2.220446049250313e-16,0,0,160,0,1],"children":[{"uuid":"0e6b56c1-1fcf-4c9a-9ca7-3d5198012945","type":"Mesh","castShadow":true,"receiveShadow":true,"layers":1,"matrix":[1,0,0,0,0,1,0,0,0,0,1,0,0,0,0,1],"geometry":"f9f4bffb-cf66-4004-8cee-0c8c67e0205c","material":"2ae35e27-0293-4434-9c7f-42a327e5d0ee"}]},{"uuid":"81321f21-7a4e-4fad-a05a-11cd7181b147","type":"Group","name":"figure","layers":1,"matrix":[1,0,0,0,0,1,0,0,0,0,1,0,0,0,0,1],"children":[{"uuid":"1bdf7813-7597-4d71-ae62-28ea6ebe3b40","type":"Group","name":"body","userData":{"height":130},"layers":1,"matrix":[1,0,0,0,0,1,0,0,0,0,1,0,0,130,0,1],"children":[{"uuid":"e7003f9d-41db-407d-aedf-305455845576","type":"Mesh","castShadow":true,"receiveShadow":true,"layers":1,"matrix":[1,0,0,0,0,1,0,0,0,0,1,0,0,-38,0,1],"geometry":"8148e744-1a71-46bd-b7d0-49b89c7cd06f","material":"d89fa2f4-829f-4310-ab2c-df0e5cd840c2"},{"uuid":"4675e877-8c5e-496c-9a2e-ff172b5324f8","type":"Group","name":"arms","layers":1,"matrix":[1,0,0,0,0,1,0,0,0,0,1,0,0,0,0,1],"children":[{"uuid":"1d348212-c77b-4091-af8a-8392ca0f691b","type":"Mesh","castShadow":true,"receiveShadow":true,"layers":1,"matrix":[1,0,0,0,0,1,0,0,0,0,1,0,0,-26,0,1],"geometry":"ddbe1e9a-61ac-4ac0-9e71-20b4ec504336","material":"8e2b6c7c-177c-4b01-864c-33bc56bfe7a7"},{"uuid":"94e5f122-5720-4117-b106-27a8146ffa82","type":"Mesh","castShadow":true,"receiveShadow":true,"layers":1,"matrix":[1,0,0,0,0,1,0,0,0,0,1,0,-22,-10,6,1],"geometry":"a9604bf2-bd26-4cfc-bd3b-8babe81968cf","material":"8e2b6c7c-177c-4b01-864c-33bc56bfe7a7"},{"uuid":"a5768e18-95f7-4a6e-bb76-d8a5e5bf1ea1","type":"Mesh","castShadow":true,"receiveShadow":true,"layers":1,"matrix":[1,0,0,0,0,1,0,0,0,0,1,0,-34,-11,0,1],"geometry":"c03814a4-09f0-469a-8d63-7d5608e646a7","material":"8e2b6c7c-177c-4b01-864c-33bc56bfe7a7"},{"uuid":"b0a41dd9-5a8c-49c6-ba58-692639475384","type":"Mesh","castShadow":true,"receiveShadow":true,"layers":1,"matrix":[1,0,0,0,0,1,0,0,0,0,1,0,-36,-17,-8,1],"geometry":"9ab3dc80-ad7e-4eeb-8a37-8fb9523e88f7","material":"8e2b6c7c-177c-4b01-864c-33bc56bfe7a7"},{"uuid":"95ad50f9-a8c3-477d-b59e-edb055a44bff","type":"Mesh","castShadow":true,"receiveShadow":true,"layers":1,"matrix":[1,0,0,0,0,1,0,0,0,0,1,0,-37,-19,-14,1],"geometry":"8b068f19-5e12-4f2a-9832-ffcb29addcd3","material":"8e2b6c7c-177c-4b01-864c-33bc56bfe7a7"},{"uuid":"25d2c210-2d68-4440-a03b-4f20c94eb206","type":"Mesh","castShadow":true,"receiveShadow":true,"layers":1,"matrix":[1,0,0,0,0,1,0,0,0,0,1,0,22,-10,6,1],"geometry":"d5b1f413-d466-4bc1-bfb5-4dc087566c92","material":"8e2b6c7c-177c-4b01-864c-33bc56bfe7a7"},{"uuid":"c7963fb2-fedd-41bf-b306-ceac9fc9aeeb","type":"Mesh","castShadow":true,"receiveShadow":true,"layers":1,"matrix":[1,0,0,0,0,1,0,0,0,0,1,0,34,-9,-8,1],"geometry":"5f367832-91cb-4f4f-8e3b-25cc9229e3c4","material":"8e2b6c7c-177c-4b01-864c-33bc56bfe7a7"},{"uuid":"8fcd578b-09f9-4ee5-91f7-66a46d4ba342","type":"Mesh","castShadow":true,"receiveShadow":true,"layers":1,"matrix":[1,0,0,0,0,1,0,0,0,0,1,0,30,-11,-18,1],"geometry":"7ac6aa38-26f0-4c1e-9c14-93a6fd7fa2a2","material":"8e2b6c7c-177c-4b01-864c-33bc56bfe7a7"},{"uuid":"78f798d4-86d8-451a-a4bb-fd0f1abc5730","type":"Mesh","castShadow":true,"receiveShadow":true,"layers":1,"matrix":[1,0,0,0,0,1,0,0,0,0,1,0,27,-14,-22,1],"geometry":"1557c6f5-76b4-40f8-b452-fe49da31e29c","material":"8e2b6c7c-177c-4b01-864c-33bc56bfe7a7"},{"uuid":"c91f893a-6584-4039-bbf0-d991b366bc8b","type":"Group","name":"hand","layers":1,"matrix":[-0.4226182617406997,-1.6653345369377348e-16,-0.90630778703665,0,0.90630778703665,-2.220446049250313e-16,-0.4226182617406995,0,-5.551115123125783e-17,-1.0000000000000002,0,0,22,-12,-30,1]}]},{"uuid":"ce60240b-421c-4912-b11f-ad62b8c57feb","type":"Group","name":"belt","layers":1,"matrix":[1,0,0,0,0,1,0,0,0,0,1,0,0,-40,0,1],"children":[{"uuid":"1ca5f138-73c9-48e3-be44-fc1526167e69","type":"Group","name":"slot-0","layers":1,"matrix":[-0.1736481776669303,0.9698463103929543,-0.17101007166283438,0,-0.9848077530122082,-0.17101007166283444,0.0301536896070458,0,-1.3877787807814457e-17,0.17364817766693036,0.984807753012208,0,-36,-8,-2,1]},{"uuid":"dd18071e-f088-44a4-afe4-3bd16d970bb6","type":"Group","name":"slot-1","layers":1,"matrix":[2.220446049250313e-16,-0.9396926207859084,0.34202014332566855,0,-5.551115123125783e-17,-0.34202014332566844,-0.9396926207859084,0,0.9999999999999999,1.6653345369377348e-16,0,0,14,22,35,1]},{"uuid":"78096dff-b9d2-4591-9d46-10d44691bc61","type":"Group","name":"slot-2","layers":1,"matrix":[-0.17364817766693008,-0.9254165783983234,0.33682408883346515,0,0.984807753012208,-0.16317591116653452,0.059391174613884656,0,0,0.3420201433256687,0.9396926207859084,0,36,-6,-6,1]},{"uuid":"55a6655f-5b62-4d1a-b3d6-87cc1ecaeb61","type":"Group","name":"slot-3","layers":1,"matrix":[-0.9848077530122081,-0.16317591116653493,0.05939117461388475,0,0,0.34202014332566877,0.9396926207859083,0,-0.17364817766693047,0.9254165783983234,-0.33682408883346526,0,-18,35,14,1]}]}]},{"uuid":"56b383b4-c420-4627-b1c8-d80d4ec87588","type":"Group","name":"legs","layers":1,"matrix":[1,0,0,0,0,1,0,0,0,0,1,0,0,0,0,1],"children":[{"uuid":"14af5d4a-fdb4-45a7-a05f-85e84e89a1d5","type":"Mesh","castShadow":true,"receiveShadow":true,"layers":1,"matrix":[1,0,0,0,0,1,0,0,0,0,1,0,-20,14,-4,1],"geometry":"f3315e0b-91a0-456b-8a8a-af5e10ae06ab","material":"61b3f90c-2b66-42be-8c4f-cc7f6b9c6eac"},{"uuid":"bf82ca82-20f5-49e5-a9a3-a443aaab10cf","type":"Mesh","castShadow":true,"receiveShadow":true,"layers":1,"matrix":[1,0,0,0,0,1,0,0,0,0,1,0,-24,34,2,1],"geometry":"b86225fa-4468-407e-8698-0c2ab057d6c7","material":"61b3f90c-2b66-42be-8c4f-cc7f6b9c6eac"},{"uuid":"e2c8d4cc-6905-4af8-bfeb-37bb2ef13875","type":"Mesh","castShadow":true,"receiveShadow":true,"layers":1,"matrix":[1,0,0,0,0,1,0,0,0,0,1,0,-28,54,-2,1],"geometry":"60164378-e737-4ac1-858f-f694d144aead","material":"61b3f90c-2b66-42be-8c4f-cc7f6b9c6eac"},{"uuid":"38537ac2-5274-4647-a0d2-2c25b7a68b14","type":"Mesh","castShadow":true,"receiveShadow":true,"layers":1,"matrix":[1,0,0,0,0,1,0,0,0,0,1,0,20,14,-4,1],"geometry":"6bd51cfb-5451-40ea-b1b5-a755d056f40f","material":"61b3f90c-2b66-42be-8c4f-cc7f6b9c6eac"},{"uuid":"c126e419-8920-4922-a103-51a96bfe20b9","type":"Mesh","castShadow":true,"receiveShadow":true,"layers":1,"matrix":[1,0,0,0,0,1,0,0,0,0,1,0,24,34,2,1],"geometry":"196127fe-b152-4783-a84b-7df595f1da17","material":"61b3f90c-2b66-42be-8c4f-cc7f6b9c6eac"},{"uuid":"0ac23a1e-e9fd-4a80-afa9-715ba21b45b0","type":"Mesh","castShadow":true,"receiveShadow":true,"layers":1,"matrix":[1,0,0,0,0,1,0,0,0,0,1,0,28,54,-2,1],"geometry":"3920407f-fcd1-4a8f-9d24-5d11adafb882","material":"61b3f90c-2b66-42be-8c4f-cc7f6b9c6eac"}]}]}]}}